D=[2 6 4 ; 0 0 2]
T1=[1 0 0; 0 -1 0; 0 0 1]
T2=[1 0 0; 0 -1 0; 0 0 1]
T3=[1 0 0; 0 1 -5; 0 0 1]

X=T3*T2*T1
D2=X*D